weekdays,00	265583,4170343.32,404604.20
weekdays,01	153312,2300774.23,209625.93
weekdays,02	98365,1450961.43,123562.66
weekdays,03	65396,1004866.87,78920.26
weekdays,04	59084,1135043.36,95914.55
weekdays,05	84629,1701963.85,167688.83
weekdays,06	228944,3243135.56,307542.89
weekdays,07	430346,5671682.43,546964.36
weekdays,08	520509,6979112.30,706338.00
weekdays,09	496378,6710968.59,676091.04
weekdays,10	434453,5891935.16,558757.68
weekdays,11	421578,5750262.64,531619.17
weekdays,12	441890,5961039.78,545303.71
weekdays,13	435174,6040945.44,544831.47
weekdays,14	464129,6659676.21,605909.08
weekdays,15	438895,6304121.09,567669.15
weekdays,16	366117,5554645.74,496359.18
weekdays,17	451245,6606667.97,599141.29
weekdays,18	571715,8088501.47,764702.61
weekdays,19	596616,8292191.54,804135.08
weekdays,20	568887,7904373.91,803081.61
weekdays,21	545599,7833263.21,801009.47
weekdays,22	513519,7575875.66,767801.14
weekdays,23	424571,6413211.62,637773.54
weekends&holidays,00	261728,3754621.26,341908.54
weekends&holidays,01	220200,3147479.45,291932.70
weekends&holidays,02	182616,2634318.39,245250.55
weekends&holidays,03	140365,2100811.12,189133.07
weekends&holidays,04	88920,1421530.18,112722.68
weekends&holidays,05	45655,857242.57,69488.75
weekends&holidays,06	56220,947173.88,80813.34
weekends&holidays,07	82224,1218731.71,106720.82
weekends&holidays,08	121783,1628772.61,147130.87
weekends&holidays,09	161743,2017715.00,178656.20
weekends&holidays,10	198534,2448067.22,210777.27
weekends&holidays,11	226474,2801912.05,241940.44
weekends&holidays,12	248366,3112063.71,269014.47
weekends&holidays,13	251509,3284589.83,279331.37
weekends&holidays,14	253235,3447041.61,294482.73
weekends&holidays,15	251143,3459946.93,298251.38
weekends&holidays,16	230498,3143941.22,271029.93
weekends&holidays,17	260716,3497214.83,309681.33
weekends&holidays,18	304292,3941715.59,353880.49
weekends&holidays,19	293609,3802731.57,346622.30
weekends&holidays,20	264831,3574968.17,329969.70
weekends&holidays,21	258249,3565810.52,328166.27
weekends&holidays,22	261172,3687722.26,340138.13
weekends&holidays,23	249047,3602957.76,328655.41
