weekdays,00	354478,5558167.36,525622.47
weekdays,01	224083,3508928.10,318929.44
weekdays,02	143256,2171950.57,184607.27
weekdays,03	94101,1481161.52,116166.38
weekdays,04	80464,1546579.04,129257.34
weekdays,05	107376,2132124.92,207333.22
weekdays,06	278910,4121628.09,395224.28
weekdays,07	515434,7152071.73,697194.61
weekdays,08	605131,8583335.60,861036.78
weekdays,09	580692,8485380.38,842170.21
weekdays,10	523881,7681380.66,718498.42
weekdays,11	524505,7873662.52,711209.64
weekdays,12	542835,8196071.82,732257.02
weekdays,13	521419,8200531.18,725463.79
weekdays,14	546022,8688267.15,768303.38
weekdays,15	507555,8151520.68,722458.24
weekdays,16	401757,6887091.51,602737.45
weekdays,17	511355,8404954.90,747842.35
weekdays,18	663320,10236089.59,938292.97
weekdays,19	711981,10408138.02,974289.36
weekdays,20	687250,9820247.03,965064.20
weekdays,21	682816,10011524.45,986272.66
weekdays,22	658346,9934331.50,973518.04
weekdays,23	573885,8895497.59,861207.37
weekends&holidays,00	260681,3821236.97,338680.96
weekends&holidays,01	223321,3270159.36,292327.44
weekends&holidays,02	182247,2693102.65,240934.50
weekends&holidays,03	137582,2108782.38,182793.80
weekends&holidays,04	88760,1455847.56,112137.79
weekends&holidays,05	45347,887933.54,69851.08
weekends&holidays,06	45471,889108.50,75533.45
weekends&holidays,07	63234,1057837.66,90384.71
weekends&holidays,08	95165,1408386.82,118448.64
weekends&holidays,09	135953,1833735.71,149266.59
weekends&holidays,10	173230,2307371.51,185339.37
weekends&holidays,11	200405,2701903.93,219471.51
weekends&holidays,12	215587,2963283.05,244129.80
weekends&holidays,13	217700,3149703.28,253802.79
weekends&holidays,14	216033,3229224.88,258108.10
weekends&holidays,15	206105,3139650.51,253223.27
weekends&holidays,16	179821,2732667.60,224475.05
weekends&holidays,17	203776,3030655.89,249319.25
weekends&holidays,18	232276,3296317.35,276009.05
weekends&holidays,19	240518,3289175.96,279376.46
weekends&holidays,20	224683,3131689.70,269693.23
weekends&holidays,21	221484,3111204.80,268161.34
weekends&holidays,22	223162,3235024.87,281885.35
weekends&holidays,23	211617,3162860.85,273643.19
