weekdays,00	329669,5342132.32,507312.56
weekdays,01	207540,3301356.36,298985.72
weekdays,02	130868,1993917.36,169140.69
weekdays,03	85159,1333141.95,106007.04
weekdays,04	75691,1435979.62,116022.34
weekdays,05	99876,1932845.22,183168.63
weekdays,06	253260,3641119.26,348164.69
weekdays,07	439569,6035976.80,599309.66
weekdays,08	544198,7707838.61,780642.24
weekdays,09	540198,7732278.67,763802.38
weekdays,10	479184,6826244.73,629137.56
weekdays,11	474402,6884415.37,609173.69
weekdays,12	500322,7223976.33,628444.00
weekdays,13	492310,7332117.19,636263.53
weekdays,14	506590,7716256.13,668377.72
weekdays,15	467903,7249820.52,631559.92
weekdays,16	390756,6381445.32,550559.43
weekdays,17	488185,7775345.11,683105.16
weekdays,18	622761,9290959.79,843660.26
weekdays,19	661037,9373917.73,876342.42
weekdays,20	594146,8245622.19,805457.54
weekdays,21	618753,8962040.55,887991.59
weekdays,22	588836,8760505.06,870420.15
weekdays,23	513728,7927226.17,774500.37
weekends&holidays,00	236416,3440867.42,310541.74
weekends&holidays,01	205128,2979189.19,272806.51
weekends&holidays,02	168209,2450380.40,223341.11
weekends&holidays,03	124131,1886825.16,165253.56
weekends&holidays,04	85252,1399866.63,110961.86
weekends&holidays,05	42960,828328.92,64082.32
weekends&holidays,06	42796,811286.05,68499.16
weekends&holidays,07	54686,927249.06,78651.58
weekends&holidays,08	75071,1149080.52,96914.88
weekends&holidays,09	108284,1497718.19,123027.08
weekends&holidays,10	138296,1877246.47,151375.40
weekends&holidays,11	161744,2204794.98,178387.61
weekends&holidays,12	178863,2436914.50,198527.23
weekends&holidays,13	186214,2630096.45,212015.39
weekends&holidays,14	184310,2666844.49,213656.06
weekends&holidays,15	179468,2613862.34,212487.55
weekends&holidays,16	170461,2458649.01,201737.42
weekends&holidays,17	191711,2710472.57,222883.98
weekends&holidays,18	209252,2884191.49,241175.09
weekends&holidays,19	211405,2790398.64,236455.19
weekends&holidays,20	185703,2563028.19,220629.93
weekends&holidays,21	191468,2711243.20,233736.29
weekends&holidays,22	194435,2825287.78,247832.03
weekends&holidays,23	191938,2868369.61,252116.42
