weekdays,00	318770,5068505.18,478701.67
weekdays,01	203576,3131883.85,280192.04
weekdays,02	133730,2007895.82,171207.39
weekdays,03	88594,1396661.56,112374.24
weekdays,04	76895,1458277.25,119552.60
weekdays,05	95086,1946267.05,190882.51
weekdays,06	233038,3427715.55,329435.76
weekdays,07	401300,5568626.80,553193.82
weekdays,08	517320,7314429.23,746813.81
weekdays,09	515442,7340155.91,727590.40
weekdays,10	442522,6330793.12,580614.28
weekdays,11	431831,6358198.35,558129.49
weekdays,12	457332,6688158.92,583008.11
weekdays,13	451193,6820343.14,593545.08
weekdays,14	460045,7202833.12,621383.75
weekdays,15	431257,6861360.42,594337.72
weekdays,16	360728,6119938.83,527951.77
weekdays,17	449669,7273234.23,634865.71
weekdays,18	567801,9166432.25,781942.35
weekdays,19	604619,8718999.48,809604.72
weekdays,20	577898,8253087.77,806864.80
weekdays,21	566226,9076285.45,828897.43
weekdays,22	548603,8425784.26,816273.29
weekdays,23	484493,7495383.49,727116.17
weekends&holidays,00	205695,3140222.93,275271.02
weekends&holidays,01	180948,2668930.34,245874.04
weekends&holidays,02	154101,2287126.46,208342.47
weekends&holidays,03	117981,1810435.62,158990.71
weekends&holidays,04	77636,1288735.68,100765.14
weekends&holidays,05	37559,732667.90,57074.75
weekends&holidays,06	38323,738109.70,63205.18
weekends&holidays,07	49815,864623.10,73072.11
weekends&holidays,08	68631,1062603.02,90886.03
weekends&holidays,09	96044,1357830.78,111089.31
weekends&holidays,10	118876,1667799.39,135213.69
weekends&holidays,11	136209,1940918.97,158245.86
weekends&holidays,12	144707,2058182.94,167397.90
weekends&holidays,13	149278,2201254.40,174280.61
weekends&holidays,14	149276,2258965.47,177841.91
weekends&holidays,15	148677,2258006.07,180597.77
weekends&holidays,16	140688,2116028.76,171199.06
weekends&holidays,17	158448,2305227.82,185832.95
weekends&holidays,18	171683,2447639.08,199934.59
weekends&holidays,19	177559,2428305.21,202747.99
weekends&holidays,20	165589,2351102.01,197964.76
weekends&holidays,21	161907,2355298.50,200528.57
weekends&holidays,22	167117,2448867.57,209235.70
weekends&holidays,23	166377,2491784.13,215848.77
