weekdays,00	316076,5021644.52,476955.26
weekdays,01	191719,2959939.97,268403.47
weekdays,02	123789,1854204.61,157555.00
weekdays,03	83184,1290588.78,102013.24
weekdays,04	73623,1407506.52,116285.62
weekdays,05	97368,1950862.23,188584.21
weekdays,06	252767,3666100.74,344611.49
weekdays,07	465632,6259147.97,605296.63
weekdays,08	579398,7904063.88,796884.21
weekdays,09	567210,7826008.77,782750.84
weekdays,10	504708,6968353.99,650366.61
weekdays,11	496377,6852340.08,620521.68
weekdays,12	512713,7174058.86,644544.26
weekdays,13	500019,7171254.10,637981.01
weekdays,14	530822,7811549.98,686003.87
weekdays,15	506307,7512862.48,656744.14
weekdays,16	421336,6635542.83,572474.09
weekdays,17	531887,8026973.98,702696.67
weekdays,18	668958,9570847.47,871695.92
weekdays,19	704000,9842246.71,920374.25
weekdays,20	671573,9388670.54,928318.25
weekdays,21	647124,9393449.82,938879.22
weekdays,22	618697,9211904.47,911568.45
weekdays,23	534388,8156992.30,791147.33
weekends&holidays,00	321889,4683151.73,421640.18
weekends&holidays,01	280946,4077798.89,361874.04
weekends&holidays,02	209158,3079206.14,276242.43
weekends&holidays,03	186262,2844856.26,251782.93
weekends&holidays,04	121226,1960772.09,154627.07
weekends&holidays,05	57822,1079660.61,84097.85
weekends&holidays,06	55398,1000478.04,83062.04
weekends&holidays,07	69537,1131835.01,95389.48
weekends&holidays,08	105333,1482879.59,125487.62
weekends&holidays,09	157090,1997445.31,164409.51
weekends&holidays,10	205169,2576150.54,210299.14
weekends&holidays,11	236479,3006812.62,248470.58
weekends&holidays,12	260323,3386386.53,284263.68
weekends&holidays,13	264835,3594892.21,298345.75
weekends&holidays,14	262984,3722646.09,306360.31
weekends&holidays,15	252084,3667705.51,302475.62
weekends&holidays,16	222343,3246196.05,270893.70
weekends&holidays,17	251464,3551425.92,297736.74
weekends&holidays,18	291773,3971652.14,338660.88
weekends&holidays,19	294915,3931802.53,340671.23
weekends&holidays,20	274786,3823199.43,336279.04
weekends&holidays,21	261729,3669803.02,321320.92
weekends&holidays,22	262804,3777982.73,333332.19
weekends&holidays,23	242911,3589576.63,314428.57
