weekdays,00	289511,4631512.12,446759.85
weekdays,01	176700,2725283.23,245575.44
weekdays,02	114028,1716603.49,148856.96
weekdays,03	76171,1186611.03,94989.25
weekdays,04	68291,1317118.58,113431.84
weekdays,05	93982,1908385.80,193627.31
weekdays,06	242096,3618632.14,359038.23
weekdays,07	443222,6226880.08,622362.96
weekdays,08	514373,7530159.48,786220.66
weekdays,09	489520,7266161.20,744727.09
weekdays,10	443869,6602850.55,637945.88
weekdays,11	438653,6649363.44,626035.04
weekdays,12	455116,6864565.09,636625.11
weekdays,13	444636,6975275.04,639259.75
weekdays,14	465643,7408223.25,673325.97
weekdays,15	441169,7145556.47,650591.65
weekdays,16	352622,6157908.83,562097.97
weekdays,17	454463,7538701.70,689466.72
weekdays,18	583342,8986453.28,848888.64
weekdays,19	626965,9258543.36,904206.99
weekdays,20	610489,8949880.30,908795.83
weekdays,21	587830,8870035.35,905779.37
weekdays,22	562613,8536143.21,865356.88
weekdays,23	484385,7559678.02,752824.44
weekends&holidays,00	287524,4271135.15,392229.77
weekends&holidays,01	253905,3729802.69,342838.66
weekends&holidays,02	215430,3183407.35,293241.47
weekends&holidays,03	163789,2489061.52,222187.43
weekends&holidays,04	105877,1713986.67,135599.21
weekends&holidays,05	49632,944066.96,73420.87
weekends&holidays,06	51801,988972.72,83640.55
weekends&holidays,07	66948,1156546.77,98318.09
weekends&holidays,08	99617,1506957.42,129721.40
weekends&holidays,09	140638,1916312.91,160334.85
weekends&holidays,10	183325,2501511.25,207982.28
weekends&holidays,11	210497,2950151.23,248671.39
weekends&holidays,12	230458,3260626.78,276050.19
weekends&holidays,13	233668,3462460.17,292490.54
weekends&holidays,14	231402,3464505.84,286325.32
weekends&holidays,15	226807,3478690.08,292575.43
weekends&holidays,16	198624,3099577.89,267492.08
weekends&holidays,17	225584,3417016.82,291642.22
weekends&holidays,18	256484,3738405.71,326338.08
weekends&holidays,19	262864,3748005.41,335189.86
weekends&holidays,20	250867,3692642.98,333933.35
weekends&holidays,21	237031,3519457.36,317058.22
weekends&holidays,22	240659,3653451.58,333384.20
weekends&holidays,23	224495,3471239.78,312485.74
