2013-01-01	412629,6155797.27,447658.06,0.07
2013-01-02	393000,5597539.03,439835.17,0.08
2013-01-03	441232,6063853.40,496867.50,0.08
2013-01-04	478436,6436828.21,538485.68,0.08
2013-01-05	473803,6284124.20,514244.59,0.08
2013-01-06	403667,5713649.17,486022.30,0.09
2013-01-07	407363,5709195.48,512448.45,0.09
2013-01-08	441777,6086390.48,561641.93,0.09
2013-01-09	457458,6340450.58,591758.74,0.09
2013-01-10	487947,6923863.18,655601.45,0.09
2013-01-11	521397,7309735.25,672448.15,0.09
2013-01-12	507429,6794477.00,587623.87,0.09
2013-01-13	442540,6337329.02,565805.93,0.09
2013-01-14	443645,6247325.53,587180.24,0.09
2013-01-15	496899,6904804.11,666896.34,0.10
2013-01-16	500064,7099888.43,699260.51,0.10
2013-01-17	512532,7369894.41,711986.89,0.10
2013-01-18	543730,7753010.85,713458.92,0.09
2013-01-19	510528,6861148.35,578979.76,0.08
2013-01-20	459391,6308314.08,539733.60,0.09
2013-01-21	384613,5409160.91,498127.58,0.09
2013-01-22	496001,6859148.51,658672.40,0.10
2013-01-23	520495,7141343.33,683883.04,0.10
2013-01-24	533031,7394120.17,695440.86,0.09
2013-01-25	537186,7591658.02,712477.97,0.09
2013-01-26	557200,7380594.39,651273.75,0.09
2013-01-27	470831,6691464.24,602428.12,0.09
2013-01-28	450789,6318050.78,602141.89,0.10
2013-01-29	477380,6661626.40,645349.25,0.10
2013-01-30	482377,6819933.91,667540.32,0.10
2013-01-31	531159,7611448.77,744212.97,0.10
2013-02-01	567076,8077711.26,756562.57,0.09
2013-02-02	569771,7480222.07,655887.18,0.09
2013-02-03	472622,6532058.09,593280.67,0.09
2013-02-04	457090,6465632.67,614435.05,0.10
2013-02-05	482634,6728522.13,653313.04,0.10
2013-02-06	506440,7124465.99,698703.90,0.10
2013-02-07	535098,7810294.78,764763.28,0.10
2013-02-08	432641,5642650.14,531691.24,0.09
2013-02-09	391989,5013124.39,447577.89,0.09
2013-02-10	459606,6491696.36,585529.17,0.09
2013-02-11	458942,6600088.84,626937.80,0.09
2013-02-12	503962,7256101.73,699629.74,0.10
2013-02-13	524246,7541171.57,732467.10,0.10
2013-02-14	527476,7739731.94,736597.52,0.10
2013-02-15	537124,7872359.58,710729.99,0.09
2013-02-16	542289,7286039.23,606206.91,0.08
2013-02-17	506208,6845245.53,576253.00,0.08
2013-02-18	407100,5719198.35,516527.39,0.09
2013-02-19	456382,6530382.83,614698.90,0.09
2013-02-20	512505,7137911.32,682766.88,0.10
2013-02-21	538078,7594358.69,729043.77,0.10
2013-02-22	558737,7967305.42,741167.20,0.09
2013-02-23	584812,7741647.64,681300.37,0.09
2013-02-24	474770,6733746.05,603506.42,0.09
2013-02-25	451937,6477088.27,613205.70,0.09
2013-02-26	496612,6990771.51,674417.52,0.10
2013-02-27	509026,7278189.50,715975.94,0.10
2013-02-28	524890,7666926.94,747869.50,0.10
2013-03-01	564490,8139922.37,754666.78,0.09
2013-03-02	584652,7891826.26,682677.99,0.09
2013-03-03	493306,7164473.68,635860.06,0.09
2013-03-04	466591,6701235.60,627466.75,0.09
2013-03-05	493804,7033308.98,671968.32,0.10
2013-03-06	518307,7299894.67,703769.76,0.10
2013-03-07	538316,7653469.56,739651.83,0.10
2013-03-08	545586,7736183.97,722590.27,0.09
2013-03-09	562187,7843186.05,660492.55,0.08
2013-03-10	468336,6897170.62,600674.16,0.09
2013-03-11	451483,6603637.27,614364.24,0.09
2013-03-12	494917,7151795.27,681134.28,0.10
2013-03-13	514842,7676718.16,738891.61,0.10
2013-03-14	552655,8332492.53,794406.16,0.10
2013-03-15	559359,8362517.52,770531.40,0.09
2013-03-16	574054,8052697.15,687011.74,0.09
2013-03-17	493725,7213360.75,630990.07,0.09
2013-03-18	458062,6668808.51,627314.16,0.09
2013-03-19	477028,6856158.65,661339.68,0.10
2013-03-20	493779,7273280.52,707303.83,0.10
2013-03-21	504838,7365429.11,654269.43,0.09
2013-03-22	548246,8026888.34,742587.46,0.09
2013-03-23	553315,7645610.62,655154.95,0.09
2013-03-24	468000,6851694.29,592520.25,0.09
2013-03-25	438917,6241865.57,556786.75,0.09
2013-03-26	460400,6632669.34,607508.07,0.09
2013-03-27	486831,7014175.50,649075.16,0.09
2013-03-28	512220,7653091.83,705177.90,0.09
2013-03-29	519004,7433572.33,641851.88,0.09
2013-03-30	504529,6863878.36,549111.66,0.08
2013-03-31	447156,6430417.84,527658.07,0.08
2013-04-01	428989,6263524.01,554237.17,0.09
2013-04-02	495537,7035632.34,647396.72,0.09
2013-04-03	513862,7471290.14,694290.05,0.09
2013-04-04	532589,7892232.25,739226.92,0.09
2013-04-05	554434,8132303.54,738316.10,0.09
2013-04-06	533173,7761321.93,639199.21,0.08
2013-04-07	461158,7094472.90,621233.39,0.09
2013-04-08	440520,6456388.95,596326.59,0.09
2013-04-09	477160,6927694.78,651732.87,0.09
2013-04-10	503210,7324302.36,700010.83,0.10
2013-04-11	525205,7942797.56,766133.83,0.10
2013-04-12	564855,8255920.91,763407.88,0.09
2013-04-13	555220,7625609.45,648795.60,0.09
2013-04-14	485606,7219505.30,619580.83,0.09
2013-04-15	461088,6829944.49,627779.34,0.09
2013-04-16	481140,7040424.60,659557.28,0.09
2013-04-17	501852,7427088.29,713156.42,0.10
2013-04-18	526073,7921479.52,757653.21,0.10
2013-04-19	544118,8109837.71,749692.23,0.09
2013-04-20	570993,7891118.83,680723.17,0.09
2013-04-21	483398,7111891.56,628841.64,0.09
2013-04-22	457774,6720581.66,631108.65,0.09
2013-04-23	498928,7272630.87,695967.90,0.10
2013-04-24	500691,7385654.97,712268.14,0.10
2013-04-25	518746,7981252.39,767188.90,0.10
2013-04-26	539181,8168357.21,749763.50,0.09
2013-04-27	538471,7705632.64,655584.53,0.09
2013-04-28	468044,7078816.92,616860.80,0.09
2013-04-29	459113,6769050.49,629130.60,0.09
2013-04-30	480498,7036479.51,667467.64,0.09
2013-05-01	496652,7515543.84,710277.90,0.09
2013-05-02	523148,7915259.02,748963.25,0.09
2013-05-03	550959,8211510.98,741199.14,0.09
2013-05-04	554561,7753913.52,654325.81,0.08
2013-05-05	488396,7308989.85,633954.84,0.09
2013-05-06	468115,7035585.39,648109.86,0.09
2013-05-07	490805,7272448.35,687686.98,0.09
2013-05-08	509311,7715748.71,738633.45,0.10
2013-05-09	526751,8170767.94,781188.03,0.10
2013-05-10	538311,8200131.33,748238.26,0.09
2013-05-11	540132,7465048.09,633589.87,0.08
2013-05-12	461193,6934527.77,592739.56,0.09
2013-05-13	460124,6921766.40,647819.05,0.09
2013-05-14	490347,7265246.02,689320.29,0.09
2013-05-15	508358,7616548.68,734089.39,0.10
2013-05-16	528157,8141017.42,777389.56,0.10
2013-05-17	533823,8332180.80,759947.53,0.09
2013-05-18	535926,7942858.82,673905.97,0.08
2013-05-19	489710,7409152.30,644158.93,0.09
2013-05-20	466778,7175166.40,658125.92,0.09
2013-05-21	499523,7657770.42,720318.20,0.09
2013-05-22	502906,7754959.58,734678.00,0.09
2013-05-23	492055,7831608.79,738245.60,0.09
2013-05-24	493125,7725439.82,692536.43,0.09
2013-05-25	453460,6327689.16,501679.05,0.08
2013-05-26	384516,5560882.86,431978.48,0.08
2013-05-27	336264,5203802.96,440664.21,0.08
2013-05-28	445777,6764466.99,618068.65,0.09
2013-05-29	479913,7179023.22,670220.87,0.09
2013-05-30	510308,7773567.19,734342.34,0.09
2013-05-31	525606,7954878.62,725558.19,0.09
2013-06-01	533686,7481803.27,635832.80,0.08
2013-06-02	451758,6883789.75,598000.41,0.09
2013-06-03	452788,6792553.81,632902.67,0.09
2013-06-04	477242,7237559.86,684204.89,0.09
2013-06-05	497524,7649613.90,730518.60,0.10
2013-06-06	515343,7989732.13,746685.07,0.09
2013-06-07	532092,8028643.02,749437.30,0.09
2013-06-08	489509,6933761.41,594313.89,0.09
2013-06-09	441053,6888553.51,601264.87,0.09
2013-06-10	461164,7023449.78,657447.43,0.09
2013-06-11	473604,7115438.12,678430.38,0.10
2013-06-12	486637,7494358.18,717311.79,0.10
2013-06-13	519794,7822137.78,754544.94,0.10
2013-06-14	507938,7748373.75,724983.08,0.09
2013-06-15	495600,7076438.01,598513.52,0.08
2013-06-16	421987,6449233.11,557001.28,0.09
2013-06-17	437841,6601453.94,604727.74,0.09
2013-06-18	467397,7004230.56,666420.53,0.10
2013-06-19	489878,7475430.07,716677.72,0.10
2013-06-20	499510,7726797.53,741291.08,0.10
2013-06-21	505548,7687649.77,687113.62,0.09
2013-06-22	474374,6789673.92,569201.62,0.08
2013-06-23	436663,6569895.59,567739.30,0.09
2013-06-24	437605,6540303.41,597139.18,0.09
2013-06-25	470670,7055244.96,669496.85,0.09
2013-06-26	487692,7454240.26,715568.18,0.10
2013-06-27	504877,7748210.20,747121.02,0.10
2013-06-28	506805,7823005.51,730479.31,0.09
2013-06-29	490613,7143670.71,609557.27,0.09
2013-06-30	417926,6409412.97,548365.27,0.09
2013-07-01	422380,6249597.42,545790.20,0.09
2013-07-02	442208,6361141.36,577608.30,0.09
2013-07-03	435193,6417405.38,566742.69,0.09
2013-07-04	326221,4570661.92,370816.29,0.08
2013-07-05	353051,4803095.36,359793.75,0.07
2013-07-06	355062,4869076.28,369315.08,0.08
2013-07-07	358766,5353565.25,449844.12,0.08
2013-07-08	413825,6300538.48,574944.55,0.09
2013-07-09	458673,6757238.73,632915.82,0.09
2013-07-10	474780,7053278.45,672375.15,0.10
2013-07-11	495023,7508138.83,723203.24,0.10
2013-07-12	507423,7513809.57,694332.01,0.09
2013-07-13	468741,6587826.81,566739.73,0.09
2013-07-14	435797,6487142.68,570850.15,0.09
2013-07-15	443449,6608855.28,613036.10,0.09
2013-07-16	466846,6914721.62,658068.80,0.10
2013-07-17	496511,7342898.77,707233.36,0.10
2013-07-18	513765,7727916.93,747439.01,0.10
2013-07-19	515946,7717193.29,714938.58,0.09
2013-07-20	485994,6743033.68,577501.06,0.09
2013-07-21	414532,6250172.66,548553.03,0.09
2013-07-22	440456,6489988.92,599895.48,0.09
2013-07-23	465257,6953065.74,660834.41,0.10
2013-07-24	476404,7237750.57,690900.73,0.10
2013-07-25	487993,7461431.37,716202.70,0.10
2013-07-26	483652,7313389.78,668322.87,0.09
2013-07-27	457849,6562832.94,549355.94,0.08
2013-07-28	415239,6187879.04,534119.99,0.09
2013-07-29	409206,6252485.55,574266.29,0.09
2013-07-30	443487,6500185.24,609168.41,0.09
2013-07-31	459413,6922351.72,659536.84,0.10
2013-08-01	307286,4568082.06,445486.24,0.10
2013-08-02	236748,3530800.63,328888.48,0.09
2013-08-03	226555,3182277.76,273803.70,0.09
2013-08-04	202310,3073608.61,268666.73,0.09
2013-08-05	406544,6661735.05,557520.39,0.08
2013-08-06	448404,6581291.47,618082.52,0.09
2013-08-07	465802,6929659.54,661200.69,0.10
2013-08-08	437300,6516144.89,620987.84,0.10
2013-08-09	489483,7258312.38,658334.81,0.09
2013-08-10	445155,6395385.12,535443.87,0.08
2013-08-11	195563,3074018.96,258972.32,0.08
2013-08-12	399414,5999560.31,546722.57,0.09
2013-08-13	450088,6667597.44,628583.96,0.09
2013-08-14	458023,7557607.49,649503.83,0.09
2013-08-15	473705,7316293.82,691544.26,0.09
2013-08-16	449918,7141947.74,649239.84,0.09
2013-08-17	438243,6528729.78,540121.15,0.08
2013-08-18	391040,6065446.56,521886.31,0.09
2013-08-19	397474,6167981.91,546538.10,0.09
2013-08-20	432667,6471848.17,594290.16,0.09
2013-08-21	454194,6852554.49,645521.77,0.09
2013-08-22	471389,7189136.25,683214.29,0.10
2013-08-23	464605,7096368.23,640224.80,0.09
2013-08-24	448634,6518110.53,541858.25,0.08
2013-08-25	400920,6198774.94,528030.25,0.09
2013-08-26	394548,5953213.03,535875.40,0.09
2013-08-27	422937,6238151.77,575578.15,0.09
2013-08-28	444874,6671630.95,625208.42,0.09
2013-08-29	455583,7073847.51,657432.96,0.09
2013-08-30	456982,7007485.90,614499.43,0.09
2013-08-31	434704,6244313.59,492658.31,0.08
2013-09-01	384470,5619155.65,432265.34,0.08
2013-09-02	332265,5098481.96,435265.84,0.09
2013-09-03	422359,6491695.11,603314.44,0.09
2013-09-04	453982,6761433.31,633454.33,0.09
2013-09-05	467389,6849572.47,646807.49,0.09
2013-09-06	508640,7543070.94,695176.02,0.09
2013-09-07	511268,7410207.29,648802.98,0.09
2013-09-08	462605,7025329.03,629729.60,0.09
2013-09-09	451160,6881065.43,656514.98,0.10
2013-09-10	483381,7333591.39,714050.83,0.10
2013-09-11	501089,7512483.97,742760.53,0.10
2013-09-12	503525,7916380.68,782957.34,0.10
2013-09-13	523273,8186870.94,782059.53,0.10
2013-09-14	518168,7304983.97,628955.14,0.09
2013-09-15	462795,7059224.60,632705.53,0.09
2013-09-16	444747,6851905.44,654720.30,0.10
2013-09-17	468093,7184226.68,702155.70,0.10
2013-09-18	484594,7477299.98,743052.66,0.10
2013-09-19	504006,7814209.38,770425.12,0.10
2013-09-20	523121,8145297.34,773186.56,0.09
2013-09-21	535225,7786885.26,678221.84,0.09
2013-09-22	457165,7227739.22,653522.02,0.09
2013-09-23	411834,6616591.31,636653.13,0.10
2013-09-24	435118,6763559.00,664878.57,0.10
2013-09-25	461765,7240588.57,723259.67,0.10
2013-09-26	484949,7627364.37,754361.53,0.10
2013-09-27	502246,7851048.72,750213.31,0.10
2013-09-28	526078,7703546.59,670369.33,0.09
2013-09-29	457887,7122439.47,643313.58,0.09
2013-09-30	424418,6582270.01,626787.79,0.10
2013-10-01	452767,6836600.54,664396.60,0.10
2013-10-02	475161,7192612.02,707700.69,0.10
2013-10-03	496805,7691380.75,754075.07,0.10
2013-10-04	520930,7938973.34,750139.16,0.09
2013-10-05	538442,7557011.10,662046.29,0.09
2013-10-06	457690,7112964.20,647776.16,0.09
2013-10-07	426029,6508785.60,624317.45,0.10
2013-10-08	459782,6966846.49,683948.29,0.10
2013-10-09	484880,7426533.51,738067.12,0.10
2013-10-10	506840,7919172.88,784995.98,0.10
2013-10-11	516171,8081373.97,764338.17,0.09
2013-10-12	524068,7753415.92,670563.27,0.09
2013-10-13	462766,7190288.14,631305.05,0.09
2013-10-14	403409,6096655.06,565471.45,0.09
2013-10-15	430353,6582724.42,637738.99,0.10
2013-10-16	477279,7309367.09,722391.74,0.10
2013-10-17	506337,7926575.43,784795.81,0.10
2013-10-18	526590,8151395.51,774540.15,0.10
2013-10-19	549184,7869461.19,692555.61,0.09
2013-10-20	473859,7308643.71,664928.18,0.09
2013-10-21	435557,6678563.04,642525.75,0.10
2013-10-22	466784,7000023.99,692246.72,0.10
2013-10-23	495382,7525701.54,754483.62,0.10
2013-10-24	513930,7992929.65,794120.14,0.10
2013-10-25	530994,8123773.01,779624.03,0.10
2013-10-26	536128,7677616.15,681785.55,0.09
2013-10-27	468420,7193987.18,660112.19,0.09
2013-10-28	432199,6610338.14,637193.84,0.10
2013-10-29	463943,6912911.86,680588.97,0.10
2013-10-30	481727,7278950.54,725483.00,0.10
2013-10-31	489414,7462664.95,720742.79,0.10
2013-11-01	555734,8580357.97,800554.99,0.09
2013-11-02	550250,7668575.29,676232.55,0.09
2013-11-03	482846,7192671.65,664830.23,0.09
2013-11-04	448240,6918854.19,674297.18,0.10
2013-11-05	467395,6894843.95,696049.88,0.10
2013-11-06	483115,7393241.28,752585.33,0.10
2013-11-07	508154,8044201.77,815419.14,0.10
2013-11-08	528447,8284354.44,801468.08,0.10
2013-11-09	545002,7774557.65,698489.79,0.09
2013-11-10	473151,7213840.79,665422.15,0.09
2013-11-11	417752,6454388.31,640550.12,0.10
2013-11-12	473907,7126438.62,727257.38,0.10
2013-11-13	492039,7410859.58,762245.56,0.10
2013-11-14	506323,7788242.00,795852.10,0.10
2013-11-15	514244,7969813.53,781519.43,0.10
2013-11-16	538503,7720689.76,702184.84,0.09
2013-11-17	464838,7033678.51,660210.49,0.09
2013-11-18	425003,6505793.82,650696.46,0.10
2013-11-19	475447,7072246.35,719184.47,0.10
2013-11-20	493383,7469352.16,766345.61,0.10
2013-11-21	497924,7738292.50,789736.84,0.10
2013-11-22	524541,8034535.74,791984.51,0.10
2013-11-23	553845,7790661.06,713553.71,0.09
2013-11-24	498121,7030410.78,651437.22,0.09
2013-11-25	445799,6486650.70,614395.84,0.09
2013-11-26	438120,6882856.29,664824.84,0.10
2013-11-27	447133,6483025.48,592729.29,0.09
2013-11-28	331608,4748305.02,384439.02,0.08
2013-11-29	373806,4963277.03,372209.03,0.07
2013-11-30	433027,6057573.30,491434.91,0.08
2013-12-01	398086,6253189.95,559342.78,0.09
2013-12-02	427093,6788028.07,665423.01,0.10
2013-12-03	463775,7134649.97,714401.44,0.10
2013-12-04	471837,7452646.72,755122.23,0.10
2013-12-05	498219,7814455.96,787081.50,0.10
2013-12-06	530748,8341385.07,814649.74,0.10
2013-12-07	552655,7961737.73,721818.66,0.09
2013-12-08	488169,7332302.57,686802.49,0.09
2013-12-09	452106,6924627.21,692388.71,0.10
2013-12-10	478456,7101578.31,729450.45,0.10
2013-12-11	485359,7817926.76,809809.64,0.10
2013-12-12	507531,8256183.92,849922.83,0.10
2013-12-13	543601,8580232.46,855904.64,0.10
2013-12-14	516298,7281023.01,684405.72,0.09
2013-12-15	458263,6770972.11,638557.43,0.09
2013-12-16	454081,7031606.82,694638.44,0.10
2013-12-17	481721,7176650.37,731189.04,0.10
2013-12-18	488387,7729969.21,792809.80,0.10
2013-12-19	496010,7922209.64,803660.96,0.10
2013-12-20	520405,8182628.92,796839.10,0.10
2013-12-21	478717,7176444.25,642615.55,0.09
2013-12-22	403373,6072180.56,513882.98,0.08
2013-12-23	385241,5657237.40,476111.12,0.08
2013-12-24	369596,4961798.93,394057.42,0.08
2013-12-25	245723,3465875.31,258567.48,0.07
2013-12-26	321895,4601206.36,345378.18,0.08
2013-12-27	381837,5608426.56,423615.41,0.08
2013-12-28	391307,5782093.00,438630.69,0.08
2013-12-29	407235,5918205.40,469985.84,0.08
2013-12-30	405701,5956698.98,477997.25,0.08
2013-12-31	467581,6272315.21,527563.37,0.08
