weekdays,00	254635,4004146.75,403424.66
weekdays,01	159856,2421123.62,230177.26
weekdays,02	105063,1583482.17,141606.85
weekdays,03	71317,1130806.68,95108.85
weekdays,04	63169,1216719.31,109050.94
weekdays,05	83986,1714210.54,177860.90
weekdays,06	215131,3185695.02,323528.71
weekdays,07	391209,5450673.23,561765.76
weekdays,08	453372,6404126.36,681132.75
weekdays,09	433918,6243849.22,654051.27
weekdays,10	394970,5786263.25,571781.16
weekdays,11	385625,5788729.15,555510.91
weekdays,12	395571,5983706.55,569255.04
weekdays,13	389081,6126235.68,575934.00
weekdays,14	411127,6617203.20,622054.78
weekdays,15	377102,6091699.50,572436.14
weekdays,16	297939,5183602.26,485733.53
weekdays,17	387195,6425457.34,605881.43
weekdays,18	497807,7679999.59,746612.69
weekdays,19	520194,7729520.04,775077.43
weekdays,20	498432,7261126.68,761309.86
weekdays,21	491428,7333971.76,771969.68
weekdays,22	471016,7142689.52,745768.11
weekdays,23	406546,6289538.02,645231.48
weekends&holidays,00	273469,4100363.11,393113.55
weekends&holidays,01	260398,3820723.79,371969.06
weekends&holidays,02	195070,2882613.64,278547.84
weekends&holidays,03	146697,2236552.59,206613.28
weekends&holidays,04	95347,1571344.56,130811.97
weekends&holidays,05	54288,1052488.29,91732.06
weekends&holidays,06	67239,1182704.33,110311.89
weekends&holidays,07	101770,1588942.53,152849.25
weekends&holidays,08	138895,1980871.91,190888.82
weekends&holidays,09	180303,2402290.32,222541.84
weekends&holidays,10	212222,2824289.96,254144.42
weekends&holidays,11	239410,3232369.48,289489.74
weekends&holidays,12	254636,3482857.81,313298.15
weekends&holidays,13	254341,3661823.63,324340.80
weekends&holidays,14	252518,3748879.44,328358.55
weekends&holidays,15	243330,3681559.80,328699.67
weekends&holidays,16	204130,3119434.44,284401.06
weekends&holidays,17	237933,3520558.98,320307.24
weekends&holidays,18	284879,4002784.94,375807.25
weekends&holidays,19	290073,3962332.49,378019.65
weekends&holidays,20	267569,3816295.84,371147.05
weekends&holidays,21	258506,3744964.29,362151.68
weekends&holidays,22	250863,3684022.32,355809.23
weekends&holidays,23	227817,3473249.26,333606.93
