weekdays,00	311854,4941140.67,485082.73
weekdays,01	186712,2819869.95,261055.95
weekdays,02	120097,1797103.32,156043.94
weekdays,03	79198,1231829.45,99622.02
weekdays,04	72731,1399810.71,123133.10
weekdays,05	103755,2121290.19,219966.08
weekdays,06	263188,3909837.32,395090.19
weekdays,07	497050,6937293.79,705554.20
weekdays,08	576861,8230209.96,866409.88
weekdays,09	551751,7948583.38,821916.35
weekdays,10	496440,7276308.37,709490.80
weekdays,11	493220,7404841.21,697502.54
weekdays,12	514015,7743680.88,720696.31
weekdays,13	499543,7805300.96,722483.04
weekdays,14	527540,8382651.41,774917.18
weekdays,15	497221,7986110.49,735767.05
weekdays,16	401303,6860218.86,628866.44
weekdays,17	518694,8425208.81,774578.72
weekdays,18	648341,9990981.15,951470.99
weekdays,19	702215,10442157.13,1026559.07
weekdays,20	684178,10064109.28,1033223.67
weekdays,21	665021,10101955.69,1046869.89
weekdays,22	630529,9695574.87,993913.13
weekdays,23	548397,8602130.42,868240.81
weekends&holidays,00	262277,3932919.94,369194.20
weekends&holidays,01	228523,3382175.09,320704.15
weekends&holidays,02	195222,2916601.13,275322.58
weekends&holidays,03	148559,2277779.86,206713.32
weekends&holidays,04	94794,1571760.16,128993.13
weekends&holidays,05	48281,970737.04,83421.21
weekends&holidays,06	52623,992772.37,89727.79
weekends&holidays,07	77978,1313445.33,120736.62
weekends&holidays,08	115710,1698068.35,153983.24
weekends&holidays,09	153236,2045584.29,179186.16
weekends&holidays,10	184308,2499714.72,212912.42
weekends&holidays,11	207100,2899458.40,248869.78
weekends&holidays,12	222131,3153817.19,272368.99
weekends&holidays,13	222176,3282791.11,279326.55
weekends&holidays,14	215841,3279468.71,276752.22
weekends&holidays,15	209765,3238398.08,277111.68
weekends&holidays,16	181658,2836333.36,247518.29
weekends&holidays,17	212249,3190804.95,278158.26
weekends&holidays,18	244559,3522994.95,314248.68
weekends&holidays,19	251780,3554589.55,321193.34
weekends&holidays,20	233760,3422088.34,316005.20
weekends&holidays,21	223727,3294272.38,304642.11
weekends&holidays,22	220474,3297696.79,305601.07
weekends&holidays,23	207235,3185770.56,293852.76
