weekdays,00	246791,3846915.07,355609.04
weekdays,01	151223,2278976.51,197249.61
weekdays,02	96851,1421732.06,114171.17
weekdays,03	65370,1008222.12,74138.29
weekdays,04	61014,1141633.38,90192.45
weekdays,05	91860,1804147.18,171894.68
weekdays,06	254338,3530755.82,324527.58
weekdays,07	480276,6248328.44,589606.79
weekdays,08	596663,7854660.52,779152.95
weekdays,09	563219,7452576.33,737211.16
weekdays,10	481775,6411306.18,593725.56
weekdays,11	466178,6186789.03,554675.71
weekdays,12	492061,6493780.03,576314.05
weekdays,13	483532,6593580.87,580322.79
weekdays,14	521204,7364515.23,651233.68
weekdays,15	509202,7206352.77,628753.21
weekdays,16	428660,6331980.16,550482.61
weekdays,17	528237,7612936.65,673261.98
weekdays,18	665842,9263755.05,857948.73
weekdays,19	683211,9364274.69,890627.81
weekdays,20	635760,8789905.08,882738.39
weekdays,21	611346,8711575.67,879379.94
weekdays,22	576955,8395619.56,831879.62
weekdays,23	462330,6925790.43,672490.87
weekends&holidays,00	284555,4067475.44,359934.08
weekends&holidays,01	250142,3579805.56,319438.45
weekends&holidays,02	210463,3068957.85,273930.08
weekends&holidays,03	162144,2439219.35,210814.83
weekends&holidays,04	103886,1677159.96,127268.54
weekends&holidays,05	51238,981425.73,74976.28
weekends&holidays,06	50300,933285.97,74985.08
weekends&holidays,07	66700,1081264.90,89602.63
weekends&holidays,08	97963,1354909.85,116621.33
weekends&holidays,09	137598,1713061.85,142114.22
weekends&holidays,10	177131,2181348.18,179151.02
weekends&holidays,11	208929,2599459.59,214037.04
weekends&holidays,12	231075,2886421.07,240163.70
weekends&holidays,13	237620,3113102.75,256856.32
weekends&holidays,14	236372,3278698.43,270964.90
weekends&holidays,15	233829,3289723.45,274651.29
weekends&holidays,16	219274,3003246.06,252808.80
weekends&holidays,17	238811,3210015.07,272461.08
weekends&holidays,18	268702,3497028.48,304487.26
weekends&holidays,19	258395,3330982.86,293559.12
weekends&holidays,20	231062,3157094.26,281556.36
weekends&holidays,21	221772,3069050.35,272926.69
weekends&holidays,22	229702,3269704.35,290772.78
weekends&holidays,23	214968,3153617.27,277815.68
