weekdays,00	334430,5428952.85,519742.33
weekdays,01	201903,3253572.79,295793.25
weekdays,02	128102,1987479.46,169850.21
weekdays,03	82731,1309983.89,104370.62
weekdays,04	71891,1391263.63,115935.48
weekdays,05	97659,1947110.64,190211.90
weekdays,06	246439,3599415.95,351716.36
weekdays,07	442490,6126049.55,611248.31
weekdays,08	532876,7554455.83,762231.85
weekdays,09	517258,7512833.75,750489.21
weekdays,10	461600,6727817.67,634052.56
weekdays,11	459954,6847963.67,618713.41
weekdays,12	471745,7061016.39,622492.03
weekdays,13	458865,7108046.72,628960.67
weekdays,14	477190,7529393.49,666808.93
weekdays,15	442117,7068979.13,630837.98
weekdays,16	351977,6007333.91,533341.41
weekdays,17	445369,7288567.17,651766.98
weekdays,18	580983,8887276.66,823510.80
weekdays,19	632223,9169503.06,869122.60
weekdays,20	602847,8550965.29,850712.07
weekdays,21	605919,8913900.55,890512.14
weekdays,22	575838,8754117.59,873032.32
weekdays,23	509543,7992426.90,787047.96
weekends&holidays,00	298810,4468253.81,402772.88
weekends&holidays,01	264040,3929945.10,359652.54
weekends&holidays,02	224036,3346179.43,306148.19
weekends&holidays,03	169609,2609596.51,229146.29
weekends&holidays,04	108884,1795371.63,141543.04
weekends&holidays,05	52518,1006872.99,78592.48
weekends&holidays,06	50254,960675.69,81229.32
weekends&holidays,07	71334,1174218.97,101055.59
weekends&holidays,08	101815,1500385.70,129195.22
weekends&holidays,09	147648,1990855.34,166390.05
weekends&holidays,10	185518,2469118.54,203822.12
weekends&holidays,11	210404,2887273.66,241021.70
weekends&holidays,12	225867,3139497.06,260079.09
weekends&holidays,13	229266,3352716.82,276884.50
weekends&holidays,14	225206,3408470.73,278915.46
weekends&holidays,15	217694,3342328.00,274723.60
weekends&holidays,16	192130,2951168.22,246298.45
weekends&holidays,17	218355,3259287.06,274187.57
weekends&holidays,18	249123,3573244.31,302775.67
weekends&holidays,19	254631,3492367.06,300224.15
weekends&holidays,20	231384,3312656.34,290841.87
weekends&holidays,21	235975,3380418.27,293669.01
weekends&holidays,22	243920,3576126.41,314569.25
weekends&holidays,23	244748,3699204.60,326052.19
