weekdays,00	314849,5039432.89,477080.72
weekdays,01	189406,2984678.09,270265.27
weekdays,02	119986,1854642.03,155186.88
weekdays,03	79301,1264216.57,97891.13
weekdays,04	71944,1396037.40,114936.66
weekdays,05	101722,2030146.96,198752.50
weekdays,06	276846,4003493.47,383658.01
weekdays,07	518138,7048007.24,683343.78
weekdays,08	618315,8538774.19,856051.93
weekdays,09	590565,8298783.16,824386.87
weekdays,10	519008,7332360.47,683591.58
weekdays,11	509692,7333437.08,657617.71
weekdays,12	526495,7556220.86,674040.51
weekdays,13	513346,7644447.40,676565.37
weekdays,14	550383,8304569.77,728093.35
weekdays,15	526250,8022681.70,703663.08
weekdays,16	435652,6998320.71,610118.63
weekdays,17	551043,8500505.55,750399.86
weekdays,18	697462,10229830.23,941808.04
weekdays,19	726552,10266597.44,971864.43
weekdays,20	703740,9915789.11,989431.83
weekdays,21	676056,9824970.09,989826.77
weekdays,22	643708,9585531.12,953995.05
weekdays,23	545104,8391395.02,819242.81
weekends&holidays,00	256195,3814891.33,346940.65
weekends&holidays,01	223572,3300376.40,296935.78
weekends&holidays,02	189357,2802553.06,247881.09
weekends&holidays,03	144355,2191119.63,188715.94
weekends&holidays,04	91483,1486687.22,117408.46
weekends&holidays,05	41886,802063.96,63280.81
weekends&holidays,06	42836,788864.17,66577.06
weekends&holidays,07	63531,1018251.15,87930.97
weekends&holidays,08	92419,1272418.12,108102.63
weekends&holidays,09	135128,1725662.15,143654.95
weekends&holidays,10	170831,2195319.66,180971.10
weekends&holidays,11	195175,2558833.33,213749.44
weekends&holidays,12	210016,2822494.21,237671.23
weekends&holidays,13	209752,2989945.56,249554.88
weekends&holidays,14	205221,3052795.52,251431.28
weekends&holidays,15	194661,2965022.71,247183.08
weekends&holidays,16	167215,2566127.59,217761.20
weekends&holidays,17	188293,2800933.66,236751.44
weekends&holidays,18	224823,3214648.05,276153.53
weekends&holidays,19	224105,3096832.51,269566.46
weekends&holidays,20	213311,3053023.91,267478.84
weekends&holidays,21	205277,2930664.34,258915.78
weekends&holidays,22	208750,3042030.14,270319.96
weekends&holidays,23	197871,2996811.15,265882.61
