weekdays,00	221648,3631019.41,378156.19
weekdays,01	135204,2123586.04,212036.78
weekdays,02	84250,1309243.03,122675.29
weekdays,03	54983,885940.32,76321.86
weekdays,04	49843,986376.97,89778.97
weekdays,05	68417,1399876.72,147551.52
weekdays,06	173454,2550876.77,262794.61
weekdays,07	301737,4223203.14,439841.70
weekdays,08	351564,5060533.90,541961.30
weekdays,09	336348,4946016.80,521419.83
weekdays,10	304669,4552285.20,453467.26
weekdays,11	299223,4552569.89,443288.01
weekdays,12	301209,4638120.60,446164.27
weekdays,13	291611,4678851.04,443840.29
weekdays,14	306920,5054756.01,479866.37
weekdays,15	282877,4651993.28,439164.52
weekdays,16	221286,3897758.26,366467.06
weekdays,17	290615,4909001.54,468230.87
weekdays,18	370891,5887386.57,581630.04
weekdays,19	400291,6054451.00,612566.92
weekdays,20	397115,5894183.61,623662.20
weekdays,21	395312,6098465.18,654457.52
weekdays,22	377548,5950378.64,636574.25
weekdays,23	334130,5346532.66,567191.44
weekends&holidays,00	145976,2189117.42,212269.91
weekends&holidays,01	129463,1936611.85,189610.19
weekends&holidays,02	107715,1607310.92,157338.59
weekends&holidays,03	81867,1257889.28,118565.78
weekends&holidays,04	51946,858041.54,71718.33
weekends&holidays,05	24448,492674.10,42464.24
weekends&holidays,06	24878,500630.07,46005.53
weekends&holidays,07	35613,622619.46,58466.27
weekends&holidays,08	55309,798190.69,73003.11
weekends&holidays,09	82417,1067329.00,95254.15
weekends&holidays,10	109578,1407565.07,124455.35
weekends&holidays,11	127371,1665742.63,147719.60
weekends&holidays,12	136393,1820934.51,164765.56
weekends&holidays,13	135657,1893097.09,168638.49
weekends&holidays,14	132172,1938550.48,167653.51
weekends&holidays,15	122639,1851926.91,162207.60
weekends&holidays,16	99969,1568998.91,144137.20
weekends&holidays,17	110446,1695438.65,155339.76
weekends&holidays,18	127813,1889721.70,177217.83
weekends&holidays,19	123999,1795176.94,171153.33
weekends&holidays,20	116763,1740216.77,168056.02
weekends&holidays,21	114255,1687552.92,161748.13
weekends&holidays,22	112943,1706332.35,160984.76
weekends&holidays,23	103841,1607556.11,152153.84
