2013-08-01	307286,4568082.06,445486.24,0.10
2013-08-02	236748,3530800.63,328888.48,0.09
2013-08-03	226555,3182277.76,273803.70,0.09
2013-08-04	202310,3073608.61,268666.73,0.09
2013-08-05	406544,6661735.05,557520.39,0.08
2013-08-06	448404,6581291.47,618082.52,0.09
2013-08-07	465802,6929659.54,661200.69,0.10
2013-08-08	437300,6516144.89,620987.84,0.10
2013-08-09	489483,7258312.38,658334.81,0.09
2013-08-10	445155,6395385.12,535443.87,0.08
2013-08-11	195563,3074018.96,258972.32,0.08
2013-08-12	399414,5999560.31,546722.57,0.09
2013-08-13	450088,6667597.44,628583.96,0.09
2013-08-14	458023,7557607.49,649503.83,0.09
2013-08-15	473705,7316293.82,691544.26,0.09
2013-08-16	449918,7141947.74,649239.84,0.09
2013-08-17	438243,6528729.78,540121.15,0.08
2013-08-18	391040,6065446.56,521886.31,0.09
2013-08-19	397474,6167981.91,546538.10,0.09
2013-08-20	432667,6471848.17,594290.16,0.09
2013-08-21	454194,6852554.49,645521.77,0.09
2013-08-22	471389,7189136.25,683214.29,0.10
2013-08-23	464605,7096368.23,640224.80,0.09
2013-08-24	448634,6518110.53,541858.25,0.08
2013-08-25	400920,6198774.94,528030.25,0.09
2013-08-26	394548,5953213.03,535875.40,0.09
2013-08-27	422937,6238151.77,575578.15,0.09
2013-08-28	444874,6671630.95,625208.42,0.09
2013-08-29	455583,7073847.51,657432.96,0.09
2013-08-30	456982,7007485.90,614499.43,0.09
2013-08-31	434704,6244313.59,492658.31,0.08
