2013-12-01	398086,6253189.95,559342.78,0.09
2013-12-02	427093,6788028.07,665423.01,0.10
2013-12-03	463775,7134649.97,714401.44,0.10
2013-12-04	471837,7452646.72,755122.23,0.10
2013-12-05	498219,7814455.96,787081.50,0.10
2013-12-06	530748,8341385.07,814649.74,0.10
2013-12-07	552655,7961737.73,721818.66,0.09
2013-12-08	488169,7332302.57,686802.49,0.09
2013-12-09	452106,6924627.21,692388.71,0.10
2013-12-10	478456,7101578.31,729450.45,0.10
2013-12-11	485359,7817926.76,809809.64,0.10
2013-12-12	507531,8256183.92,849922.83,0.10
2013-12-13	543601,8580232.46,855904.64,0.10
2013-12-14	516298,7281023.01,684405.72,0.09
2013-12-15	458263,6770972.11,638557.43,0.09
2013-12-16	454081,7031606.82,694638.44,0.10
2013-12-17	481721,7176650.37,731189.04,0.10
2013-12-18	488387,7729969.21,792809.80,0.10
2013-12-19	496010,7922209.64,803660.96,0.10
2013-12-20	520405,8182628.92,796839.10,0.10
2013-12-21	478717,7176444.25,642615.55,0.09
2013-12-22	403373,6072180.56,513882.98,0.08
2013-12-23	385241,5657237.40,476111.12,0.08
2013-12-24	369596,4961798.93,394057.42,0.08
2013-12-25	245723,3465875.31,258567.48,0.07
2013-12-26	321895,4601206.36,345378.18,0.08
2013-12-27	381837,5608426.56,423615.41,0.08
2013-12-28	391307,5782093.00,438630.69,0.08
2013-12-29	407235,5918205.40,469985.84,0.08
2013-12-30	405701,5956698.98,477997.25,0.08
2013-12-31	467581,6272315.21,527563.37,0.08
