2013-09-01	384470,5619155.65,432265.34,0.08
2013-09-02	332265,5098481.96,435265.84,0.09
2013-09-03	422359,6491695.11,603314.44,0.09
2013-09-04	453982,6761433.31,633454.33,0.09
2013-09-05	467389,6849572.47,646807.49,0.09
2013-09-06	508640,7543070.94,695176.02,0.09
2013-09-07	511268,7410207.29,648802.98,0.09
2013-09-08	462605,7025329.03,629729.60,0.09
2013-09-09	451160,6881065.43,656514.98,0.10
2013-09-10	483381,7333591.39,714050.83,0.10
2013-09-11	501089,7512483.97,742760.53,0.10
2013-09-12	503525,7916380.68,782957.34,0.10
2013-09-13	523273,8186870.94,782059.53,0.10
2013-09-14	518168,7304983.97,628955.14,0.09
2013-09-15	462795,7059224.60,632705.53,0.09
2013-09-16	444747,6851905.44,654720.30,0.10
2013-09-17	468093,7184226.68,702155.70,0.10
2013-09-18	484594,7477299.98,743052.66,0.10
2013-09-19	504006,7814209.38,770425.12,0.10
2013-09-20	523121,8145297.34,773186.56,0.09
2013-09-21	535225,7786885.26,678221.84,0.09
2013-09-22	457165,7227739.22,653522.02,0.09
2013-09-23	411834,6616591.31,636653.13,0.10
2013-09-24	435118,6763559.00,664878.57,0.10
2013-09-25	461765,7240588.57,723259.67,0.10
2013-09-26	484949,7627364.37,754361.53,0.10
2013-09-27	502246,7851048.72,750213.31,0.10
2013-09-28	526078,7703546.59,670369.33,0.09
2013-09-29	457887,7122439.47,643313.58,0.09
2013-09-30	424418,6582270.01,626787.79,0.10
