2013-01-01	412629,6155797.27,447658.06,0.07
2013-01-02	393000,5597539.03,439835.17,0.08
2013-01-03	441232,6063853.40,496867.50,0.08
2013-01-04	478436,6436828.21,538485.68,0.08
2013-01-05	473803,6284124.20,514244.59,0.08
2013-01-06	403667,5713649.17,486022.30,0.09
2013-01-07	407363,5709195.48,512448.45,0.09
2013-01-08	441777,6086390.48,561641.93,0.09
2013-01-09	457458,6340450.58,591758.74,0.09
2013-01-10	487947,6923863.18,655601.45,0.09
2013-01-11	521397,7309735.25,672448.15,0.09
2013-01-12	507429,6794477.00,587623.87,0.09
2013-01-13	442540,6337329.02,565805.93,0.09
2013-01-14	443645,6247325.53,587180.24,0.09
2013-01-15	496899,6904804.11,666896.34,0.10
2013-01-16	500064,7099888.43,699260.51,0.10
2013-01-17	512532,7369894.41,711986.89,0.10
2013-01-18	543730,7753010.85,713458.92,0.09
2013-01-19	510528,6861148.35,578979.76,0.08
2013-01-20	459391,6308314.08,539733.60,0.09
2013-01-21	384613,5409160.91,498127.58,0.09
2013-01-22	496001,6859148.51,658672.40,0.10
2013-01-23	520495,7141343.33,683883.04,0.10
2013-01-24	533031,7394120.17,695440.86,0.09
2013-01-25	537186,7591658.02,712477.97,0.09
2013-01-26	557200,7380594.39,651273.75,0.09
2013-01-27	470831,6691464.24,602428.12,0.09
2013-01-28	450789,6318050.78,602141.89,0.10
2013-01-29	477380,6661626.40,645349.25,0.10
2013-01-30	482377,6819933.91,667540.32,0.10
2013-01-31	531159,7611448.77,744212.97,0.10
