2013-10-01	452767,6836600.54,664396.60,0.10
2013-10-02	475161,7192612.02,707700.69,0.10
2013-10-03	496805,7691380.75,754075.07,0.10
2013-10-04	520930,7938973.34,750139.16,0.09
2013-10-05	538442,7557011.10,662046.29,0.09
2013-10-06	457690,7112964.20,647776.16,0.09
2013-10-07	426029,6508785.60,624317.45,0.10
2013-10-08	459782,6966846.49,683948.29,0.10
2013-10-09	484880,7426533.51,738067.12,0.10
2013-10-10	506840,7919172.88,784995.98,0.10
2013-10-11	516171,8081373.97,764338.17,0.09
2013-10-12	524068,7753415.92,670563.27,0.09
2013-10-13	462766,7190288.14,631305.05,0.09
2013-10-14	403409,6096655.06,565471.45,0.09
2013-10-15	430353,6582724.42,637738.99,0.10
2013-10-16	477279,7309367.09,722391.74,0.10
2013-10-17	506337,7926575.43,784795.81,0.10
2013-10-18	526590,8151395.51,774540.15,0.10
2013-10-19	549184,7869461.19,692555.61,0.09
2013-10-20	473859,7308643.71,664928.18,0.09
2013-10-21	435557,6678563.04,642525.75,0.10
2013-10-22	466784,7000023.99,692246.72,0.10
2013-10-23	495382,7525701.54,754483.62,0.10
2013-10-24	513930,7992929.65,794120.14,0.10
2013-10-25	530994,8123773.01,779624.03,0.10
2013-10-26	536128,7677616.15,681785.55,0.09
2013-10-27	468420,7193987.18,660112.19,0.09
2013-10-28	432199,6610338.14,637193.84,0.10
2013-10-29	463943,6912911.86,680588.97,0.10
2013-10-30	481727,7278950.54,725483.00,0.10
2013-10-31	489414,7462664.95,720742.79,0.10
