2013-02-01	567076,8077711.26,756562.57,0.09
2013-02-02	569771,7480222.07,655887.18,0.09
2013-02-03	472622,6532058.09,593280.67,0.09
2013-02-04	457090,6465632.67,614435.05,0.10
2013-02-05	482634,6728522.13,653313.04,0.10
2013-02-06	506440,7124465.99,698703.90,0.10
2013-02-07	535098,7810294.78,764763.28,0.10
2013-02-08	432641,5642650.14,531691.24,0.09
2013-02-09	391989,5013124.39,447577.89,0.09
2013-02-10	459606,6491696.36,585529.17,0.09
2013-02-11	458942,6600088.84,626937.80,0.09
2013-02-12	503962,7256101.73,699629.74,0.10
2013-02-13	524246,7541171.57,732467.10,0.10
2013-02-14	527476,7739731.94,736597.52,0.10
2013-02-15	537124,7872359.58,710729.99,0.09
2013-02-16	542289,7286039.23,606206.91,0.08
2013-02-17	506208,6845245.53,576253.00,0.08
2013-02-18	407100,5719198.35,516527.39,0.09
2013-02-19	456382,6530382.83,614698.90,0.09
2013-02-20	512505,7137911.32,682766.88,0.10
2013-02-21	538078,7594358.69,729043.77,0.10
2013-02-22	558737,7967305.42,741167.20,0.09
2013-02-23	584812,7741647.64,681300.37,0.09
2013-02-24	474770,6733746.05,603506.42,0.09
2013-02-25	451937,6477088.27,613205.70,0.09
2013-02-26	496612,6990771.51,674417.52,0.10
2013-02-27	509026,7278189.50,715975.94,0.10
2013-02-28	524890,7666926.94,747869.50,0.10
