2013-04-01	428989,6263524.01,554237.17,0.09
2013-04-02	495537,7035632.34,647396.72,0.09
2013-04-03	513862,7471290.14,694290.05,0.09
2013-04-04	532589,7892232.25,739226.92,0.09
2013-04-05	554434,8132303.54,738316.10,0.09
2013-04-06	533173,7761321.93,639199.21,0.08
2013-04-07	461158,7094472.90,621233.39,0.09
2013-04-08	440520,6456388.95,596326.59,0.09
2013-04-09	477160,6927694.78,651732.87,0.09
2013-04-10	503210,7324302.36,700010.83,0.10
2013-04-11	525205,7942797.56,766133.83,0.10
2013-04-12	564855,8255920.91,763407.88,0.09
2013-04-13	555220,7625609.45,648795.60,0.09
2013-04-14	485606,7219505.30,619580.83,0.09
2013-04-15	461088,6829944.49,627779.34,0.09
2013-04-16	481140,7040424.60,659557.28,0.09
2013-04-17	501852,7427088.29,713156.42,0.10
2013-04-18	526073,7921479.52,757653.21,0.10
2013-04-19	544118,8109837.71,749692.23,0.09
2013-04-20	570993,7891118.83,680723.17,0.09
2013-04-21	483398,7111891.56,628841.64,0.09
2013-04-22	457774,6720581.66,631108.65,0.09
2013-04-23	498928,7272630.87,695967.90,0.10
2013-04-24	500691,7385654.97,712268.14,0.10
2013-04-25	518746,7981252.39,767188.90,0.10
2013-04-26	539181,8168357.21,749763.50,0.09
2013-04-27	538471,7705632.64,655584.53,0.09
2013-04-28	468044,7078816.92,616860.80,0.09
2013-04-29	459113,6769050.49,629130.60,0.09
2013-04-30	480498,7036479.51,667467.64,0.09
