2013-05-01	496652,7515543.84,710277.90,0.09
2013-05-02	523148,7915259.02,748963.25,0.09
2013-05-03	550959,8211510.98,741199.14,0.09
2013-05-04	554561,7753913.52,654325.81,0.08
2013-05-05	488396,7308989.85,633954.84,0.09
2013-05-06	468115,7035585.39,648109.86,0.09
2013-05-07	490805,7272448.35,687686.98,0.09
2013-05-08	509311,7715748.71,738633.45,0.10
2013-05-09	526751,8170767.94,781188.03,0.10
2013-05-10	538311,8200131.33,748238.26,0.09
2013-05-11	540132,7465048.09,633589.87,0.08
2013-05-12	461193,6934527.77,592739.56,0.09
2013-05-13	460124,6921766.40,647819.05,0.09
2013-05-14	490347,7265246.02,689320.29,0.09
2013-05-15	508358,7616548.68,734089.39,0.10
2013-05-16	528157,8141017.42,777389.56,0.10
2013-05-17	533823,8332180.80,759947.53,0.09
2013-05-18	535926,7942858.82,673905.97,0.08
2013-05-19	489710,7409152.30,644158.93,0.09
2013-05-20	466778,7175166.40,658125.92,0.09
2013-05-21	499523,7657770.42,720318.20,0.09
2013-05-22	502906,7754959.58,734678.00,0.09
2013-05-23	492055,7831608.79,738245.60,0.09
2013-05-24	493125,7725439.82,692536.43,0.09
2013-05-25	453460,6327689.16,501679.05,0.08
2013-05-26	384516,5560882.86,431978.48,0.08
2013-05-27	336264,5203802.96,440664.21,0.08
2013-05-28	445777,6764466.99,618068.65,0.09
2013-05-29	479913,7179023.22,670220.87,0.09
2013-05-30	510308,7773567.19,734342.34,0.09
2013-05-31	525606,7954878.62,725558.19,0.09
