2013-11-01	555734,8580357.97,800554.99,0.09
2013-11-02	550250,7668575.29,676232.55,0.09
2013-11-03	482846,7192671.65,664830.23,0.09
2013-11-04	448240,6918854.19,674297.18,0.10
2013-11-05	467395,6894843.95,696049.88,0.10
2013-11-06	483115,7393241.28,752585.33,0.10
2013-11-07	508154,8044201.77,815419.14,0.10
2013-11-08	528447,8284354.44,801468.08,0.10
2013-11-09	545002,7774557.65,698489.79,0.09
2013-11-10	473151,7213840.79,665422.15,0.09
2013-11-11	417752,6454388.31,640550.12,0.10
2013-11-12	473907,7126438.62,727257.38,0.10
2013-11-13	492039,7410859.58,762245.56,0.10
2013-11-14	506323,7788242.00,795852.10,0.10
2013-11-15	514244,7969813.53,781519.43,0.10
2013-11-16	538503,7720689.76,702184.84,0.09
2013-11-17	464838,7033678.51,660210.49,0.09
2013-11-18	425003,6505793.82,650696.46,0.10
2013-11-19	475447,7072246.35,719184.47,0.10
2013-11-20	493383,7469352.16,766345.61,0.10
2013-11-21	497924,7738292.50,789736.84,0.10
2013-11-22	524541,8034535.74,791984.51,0.10
2013-11-23	553845,7790661.06,713553.71,0.09
2013-11-24	498121,7030410.78,651437.22,0.09
2013-11-25	445799,6486650.70,614395.84,0.09
2013-11-26	438120,6882856.29,664824.84,0.10
2013-11-27	447133,6483025.48,592729.29,0.09
2013-11-28	331608,4748305.02,384439.02,0.08
2013-11-29	373806,4963277.03,372209.03,0.07
2013-11-30	433027,6057573.30,491434.91,0.08
