2013-07-01	422380,6249597.42,545790.20,0.09
2013-07-02	442208,6361141.36,577608.30,0.09
2013-07-03	435193,6417405.38,566742.69,0.09
2013-07-04	326221,4570661.92,370816.29,0.08
2013-07-05	353051,4803095.36,359793.75,0.07
2013-07-06	355062,4869076.28,369315.08,0.08
2013-07-07	358766,5353565.25,449844.12,0.08
2013-07-08	413825,6300538.48,574944.55,0.09
2013-07-09	458673,6757238.73,632915.82,0.09
2013-07-10	474780,7053278.45,672375.15,0.10
2013-07-11	495023,7508138.83,723203.24,0.10
2013-07-12	507423,7513809.57,694332.01,0.09
2013-07-13	468741,6587826.81,566739.73,0.09
2013-07-14	435797,6487142.68,570850.15,0.09
2013-07-15	443449,6608855.28,613036.10,0.09
2013-07-16	466846,6914721.62,658068.80,0.10
2013-07-17	496511,7342898.77,707233.36,0.10
2013-07-18	513765,7727916.93,747439.01,0.10
2013-07-19	515946,7717193.29,714938.58,0.09
2013-07-20	485994,6743033.68,577501.06,0.09
2013-07-21	414532,6250172.66,548553.03,0.09
2013-07-22	440456,6489988.92,599895.48,0.09
2013-07-23	465257,6953065.74,660834.41,0.10
2013-07-24	476404,7237750.57,690900.73,0.10
2013-07-25	487993,7461431.37,716202.70,0.10
2013-07-26	483652,7313389.78,668322.87,0.09
2013-07-27	457849,6562832.94,549355.94,0.08
2013-07-28	415239,6187879.04,534119.99,0.09
2013-07-29	409206,6252485.55,574266.29,0.09
2013-07-30	443487,6500185.24,609168.41,0.09
2013-07-31	459413,6922351.72,659536.84,0.10
