2013-03-01	564490,8139922.37,754666.78,0.09
2013-03-02	584652,7891826.26,682677.99,0.09
2013-03-03	493306,7164473.68,635860.06,0.09
2013-03-04	466591,6701235.60,627466.75,0.09
2013-03-05	493804,7033308.98,671968.32,0.10
2013-03-06	518307,7299894.67,703769.76,0.10
2013-03-07	538316,7653469.56,739651.83,0.10
2013-03-08	545586,7736183.97,722590.27,0.09
2013-03-09	562187,7843186.05,660492.55,0.08
2013-03-10	468336,6897170.62,600674.16,0.09
2013-03-11	451483,6603637.27,614364.24,0.09
2013-03-12	494917,7151795.27,681134.28,0.10
2013-03-13	514842,7676718.16,738891.61,0.10
2013-03-14	552655,8332492.53,794406.16,0.10
2013-03-15	559359,8362517.52,770531.40,0.09
2013-03-16	574054,8052697.15,687011.74,0.09
2013-03-17	493725,7213360.75,630990.07,0.09
2013-03-18	458062,6668808.51,627314.16,0.09
2013-03-19	477028,6856158.65,661339.68,0.10
2013-03-20	493779,7273280.52,707303.83,0.10
2013-03-21	504838,7365429.11,654269.43,0.09
2013-03-22	548246,8026888.34,742587.46,0.09
2013-03-23	553315,7645610.62,655154.95,0.09
2013-03-24	468000,6851694.29,592520.25,0.09
2013-03-25	438917,6241865.57,556786.75,0.09
2013-03-26	460400,6632669.34,607508.07,0.09
2013-03-27	486831,7014175.50,649075.16,0.09
2013-03-28	512220,7653091.83,705177.90,0.09
2013-03-29	519004,7433572.33,641851.88,0.09
2013-03-30	504529,6863878.36,549111.66,0.08
2013-03-31	447156,6430417.84,527658.07,0.08
