2013-06-01	533686,7481803.27,635832.80,0.08
2013-06-02	451758,6883789.75,598000.41,0.09
2013-06-03	452788,6792553.81,632902.67,0.09
2013-06-04	477242,7237559.86,684204.89,0.09
2013-06-05	497524,7649613.90,730518.60,0.10
2013-06-06	515343,7989732.13,746685.07,0.09
2013-06-07	532092,8028643.02,749437.30,0.09
2013-06-08	489509,6933761.41,594313.89,0.09
2013-06-09	441053,6888553.51,601264.87,0.09
2013-06-10	461164,7023449.78,657447.43,0.09
2013-06-11	473604,7115438.12,678430.38,0.10
2013-06-12	486637,7494358.18,717311.79,0.10
2013-06-13	519794,7822137.78,754544.94,0.10
2013-06-14	507938,7748373.75,724983.08,0.09
2013-06-15	495600,7076438.01,598513.52,0.08
2013-06-16	421987,6449233.11,557001.28,0.09
2013-06-17	437841,6601453.94,604727.74,0.09
2013-06-18	467397,7004230.56,666420.53,0.10
2013-06-19	489878,7475430.07,716677.72,0.10
2013-06-20	499510,7726797.53,741291.08,0.10
2013-06-21	505548,7687649.77,687113.62,0.09
2013-06-22	474374,6789673.92,569201.62,0.08
2013-06-23	436663,6569895.59,567739.30,0.09
2013-06-24	437605,6540303.41,597139.18,0.09
2013-06-25	470670,7055244.96,669496.85,0.09
2013-06-26	487692,7454240.26,715568.18,0.10
2013-06-27	504877,7748210.20,747121.02,0.10
2013-06-28	506805,7823005.51,730479.31,0.09
2013-06-29	490613,7143670.71,609557.27,0.09
2013-06-30	417926,6409412.97,548365.27,0.09
